0 0.185417 0.904719 0.034722 0.010889
0 0.295833 0.905172 0.044444 0.011797
0 0.237500 0.904719 0.030556 0.010889
3 0.140972 0.905172 0.037500 0.015426
1 0.177778 0.771779 0.161111 0.039020
0 0.176389 0.729583 0.158333 0.021779
0 0.756944 0.848911 0.055556 0.011797
0 0.689583 0.844374 0.045833 0.009982
0 0.622222 0.841652 0.052778 0.011797
0 0.549306 0.840290 0.048611 0.009074
1 0.746528 0.775862 0.084722 0.043557
0 0.740972 0.742287 0.073611 0.014519
1 0.576389 0.746370 0.072222 0.078947
0 0.579861 0.688294 0.079167 0.022686
0 0.733333 0.640653 0.050000 0.010889
0 0.658333 0.636570 0.061111 0.015426
1 0.205556 0.612976 0.172222 0.055354
1 0.195139 0.529492 0.162500 0.084392
0 0.195833 0.464610 0.180556 0.032668
0 0.633333 0.367060 0.138889 0.011797
1 0.179861 0.333485 0.073611 0.058984
2 0.644444 0.309437 0.280556 0.065336
0 0.174306 0.280853 0.081944 0.024501
0 0.307639 0.322595 0.101389 0.115245
1 0.306250 0.334392 0.056944 0.057169
0 0.297222 0.281760 0.030556 0.015426
1 0.532639 0.161525 0.059722 0.025408
0 0.552083 0.130672 0.073611 0.029038
2 0.580556 0.082123 0.177778 0.040835
1 0.252083 0.149728 0.056944 0.027223
0 0.131250 0.103448 0.045833 0.032668
1 0.270833 0.077586 0.083333 0.031760
1 0.643750 0.461434 0.229167 0.131579
0 0.139583 0.824864 0.037500 0.014519
0 0.263889 0.827586 0.047222 0.012704
3 0.575000 0.634755 0.080556 0.029946
3 0.761111 0.705989 0.133333 0.061706
3 0.231944 0.867060 0.250000 0.039020
