0 0.197260 0.953321 0.079452 0.012567
0 0.737671 0.952873 0.105479 0.015260
0 0.336986 0.950628 0.098630 0.010772
0 0.589726 0.950180 0.072603 0.011670
0 0.076027 0.951077 0.039726 0.018851
0 0.469178 0.945691 0.080822 0.020646
0 0.601370 0.915171 0.084932 0.013465
0 0.331507 0.914722 0.082192 0.012567
0 0.459589 0.912478 0.067123 0.011670
0 0.197260 0.913375 0.063014 0.015260
0 0.732877 0.912478 0.076712 0.015260
0 0.084932 0.913375 0.060274 0.017056
0 0.328082 0.879713 0.075342 0.012567
0 0.074658 0.876571 0.061644 0.013465
0 0.201370 0.876571 0.068493 0.015260
0 0.476027 0.874776 0.075342 0.015260
0 0.597260 0.872083 0.079452 0.011670
0 0.732877 0.869390 0.076712 0.011670
0 0.205479 0.846050 0.071233 0.015260
0 0.328767 0.844704 0.082192 0.014363
0 0.076027 0.843806 0.061644 0.017953
0 0.484247 0.837074 0.075342 0.017056
0 0.608219 0.834381 0.082192 0.015260
0 0.747945 0.829443 0.087671 0.016158
0 0.063699 0.808348 0.039726 0.020646
0 0.210959 0.805206 0.079452 0.017953
0 0.324658 0.803411 0.057534 0.016158
0 0.487671 0.800269 0.068493 0.015260
0 0.617123 0.795781 0.058904 0.015260
0 0.763014 0.793088 0.090411 0.011670
0 0.074658 0.771544 0.061644 0.018851
0 0.213014 0.770197 0.072603 0.016158
0 0.630137 0.767056 0.079452 0.013465
0 0.495890 0.767504 0.082192 0.014363
0 0.328082 0.767056 0.064384 0.015260
0 0.761644 0.759874 0.073973 0.015260
0 0.500685 0.730251 0.075342 0.011670
0 0.332877 0.729803 0.084932 0.014363
0 0.627397 0.728007 0.063014 0.016158
0 0.207534 0.728905 0.064384 0.017953
0 0.760959 0.726212 0.061644 0.014363
0 0.062329 0.725314 0.045205 0.028725
0 0.772603 0.695242 0.068493 0.013465
0 0.642466 0.693447 0.079452 0.015260
0 0.501370 0.692998 0.049315 0.016158
0 0.345205 0.691203 0.065753 0.017953
0 0.209589 0.688061 0.068493 0.017056
0 0.074658 0.682675 0.064384 0.020646
0 0.641096 0.658438 0.068493 0.015260
0 0.793151 0.656643 0.090411 0.015260
0 0.353425 0.655745 0.065753 0.017056
0 0.516438 0.655296 0.076712 0.017953
0 0.215753 0.653950 0.075342 0.018851
0 0.080822 0.646768 0.073973 0.024237
0 0.370548 0.614004 0.094521 0.016158
0 0.643836 0.612208 0.057534 0.016158
0 0.518493 0.611759 0.064384 0.017056
0 0.210274 0.609964 0.064384 0.017056
0 0.784932 0.609066 0.087671 0.017056
0 0.076027 0.603680 0.064384 0.020646
0 0.652055 0.573609 0.065753 0.014363
0 0.373288 0.573609 0.089041 0.014363
0 0.784247 0.572262 0.069863 0.013465
0 0.529452 0.572262 0.075342 0.013465
0 0.213014 0.569569 0.067123 0.017056
0 0.082877 0.564183 0.080822 0.017056
0 0.797945 0.534111 0.091781 0.010772
0 0.666438 0.534111 0.089041 0.012567
0 0.538356 0.532765 0.076712 0.013465
0 0.380137 0.531867 0.094521 0.017056
0 0.210274 0.523339 0.058904 0.017953
0 0.076712 0.520197 0.068493 0.015260
0 0.789041 0.499551 0.071233 0.013465
0 0.667808 0.497756 0.072603 0.013465
0 0.545890 0.495512 0.086301 0.014363
0 0.390411 0.492819 0.095890 0.014363
0 0.226712 0.484291 0.069863 0.015260
0 0.078082 0.475314 0.063014 0.011670
0 0.794521 0.456014 0.084932 0.012567
0 0.673288 0.456463 0.064384 0.013465
0 0.535616 0.456014 0.052055 0.016158
0 0.397945 0.454668 0.080822 0.013465
0 0.230822 0.446589 0.061644 0.011670
0 0.080822 0.442101 0.057534 0.017056
0 0.808219 0.425045 0.090411 0.013465
0 0.673288 0.421005 0.078082 0.010772
0 0.551370 0.417415 0.072603 0.012567
0 0.408904 0.413824 0.086301 0.014363
0 0.236986 0.408438 0.065753 0.012567
0 0.086986 0.400808 0.061644 0.013465
0 0.807534 0.385548 0.064384 0.013465
0 0.674658 0.379264 0.075342 0.015260
0 0.539726 0.377917 0.046575 0.014363
0 0.425342 0.373878 0.116438 0.020646
0 0.253425 0.368043 0.084932 0.014363
0 0.108904 0.357720 0.105479 0.018851
0 0.808219 0.345601 0.079452 0.016158
0 0.676712 0.340215 0.071233 0.016158
0 0.554110 0.335727 0.075342 0.017953
0 0.408904 0.328995 0.072603 0.017056
0 0.256849 0.324506 0.078082 0.015260
0 0.080822 0.314632 0.035616 0.020646
0 0.804110 0.298474 0.060274 0.013465
0 0.663014 0.293986 0.057534 0.013465
0 0.556164 0.289497 0.063014 0.020646
0 0.413014 0.284560 0.067123 0.017953
0 0.259589 0.282316 0.069863 0.020646
0 0.095890 0.269749 0.054795 0.017056
0 0.826027 0.246409 0.087671 0.022442
0 0.430137 0.238330 0.084932 0.011670
0 0.680137 0.240126 0.067123 0.017056
0 0.271233 0.237433 0.093151 0.018851
0 0.564384 0.237433 0.073973 0.020646
0 0.115068 0.228456 0.079452 0.020646
0 0.423288 0.197935 0.060274 0.017056
0 0.263699 0.192101 0.067123 0.019749
0 0.118493 0.182675 0.078082 0.026032
0 0.815068 0.175943 0.076712 0.021544
0 0.691781 0.167415 0.065753 0.006284
0 0.570548 0.170108 0.083562 0.018851
0 0.686986 0.169210 0.067123 0.018851
0 0.436301 0.160682 0.083562 0.017953
0 0.265753 0.151257 0.073973 0.024237
0 0.113699 0.141382 0.060274 0.024237
0 0.812329 0.130162 0.068493 0.016158
0 0.691781 0.130162 0.060274 0.016158
0 0.445205 0.123878 0.087671 0.014363
0 0.573288 0.128815 0.097260 0.027828
0 0.274658 0.105925 0.083562 0.021544
0 0.546575 0.093357 0.052055 0.016158
0 0.441781 0.093357 0.075342 0.016158
0 0.121918 0.098294 0.065753 0.026032
0 0.830137 0.087522 0.057534 0.015260
0 0.702055 0.086176 0.069863 0.016158
0 0.297945 0.065081 0.127397 0.017056
0 0.565068 0.058348 0.091781 0.012567
0 0.447945 0.061041 0.071233 0.019749
0 0.139041 0.059695 0.100000 0.024237
0 0.709589 0.050718 0.084932 0.020646
0 0.845205 0.049372 0.076712 0.019749
