1 0.065684 0.951906 0.067024 0.030853
1 0.174263 0.946915 0.067024 0.026316
1 0.491287 0.942831 0.097855 0.027223
1 0.288204 0.941924 0.053619 0.027223
1 0.654826 0.935572 0.087131 0.029038
1 0.056971 0.907895 0.052279 0.029946
1 0.293566 0.901543 0.040214 0.024501
1 0.483244 0.903358 0.038874 0.028131
1 0.179625 0.903811 0.069705 0.030853
1 0.660858 0.894737 0.075067 0.032668
1 0.179625 0.850272 0.058981 0.030853
1 0.507373 0.845735 0.046917 0.029038
1 0.307641 0.846189 0.041555 0.033575
1 0.048928 0.847096 0.038874 0.037205
1 0.693700 0.839837 0.105898 0.037205
1 0.060322 0.803993 0.058981 0.027223
1 0.180295 0.803085 0.049598 0.034483
1 0.684987 0.795826 0.058981 0.029038
1 0.315684 0.797641 0.057641 0.030853
1 0.518767 0.795826 0.053619 0.030853
1 0.054960 0.754537 0.050938 0.024501
1 0.690349 0.752722 0.053619 0.026316
1 0.521448 0.752269 0.072386 0.030853
1 0.316354 0.749546 0.061662 0.029038
1 0.182976 0.749546 0.054960 0.029038
1 0.532172 0.706443 0.075067 0.022686
1 0.679625 0.707350 0.056300 0.033575
1 0.197051 0.703267 0.080429 0.025408
1 0.071046 0.704174 0.083110 0.030853
1 0.321046 0.701906 0.063003 0.026316
1 0.205094 0.656080 0.069705 0.027223
1 0.076408 0.656080 0.091153 0.029038
1 0.544236 0.654719 0.077748 0.028131
1 0.691689 0.654265 0.069705 0.030853
1 0.345845 0.599365 0.067024 0.031760
1 0.066354 0.598911 0.073727 0.030853
1 0.557641 0.596189 0.075067 0.029038
1 0.191019 0.595281 0.049598 0.029038
1 0.699732 0.594374 0.067024 0.032668
1 0.360590 0.540835 0.058981 0.025408
1 0.705094 0.538566 0.058981 0.026316
1 0.202413 0.542196 0.077748 0.035390
1 0.557641 0.538566 0.067024 0.028131
1 0.065684 0.537659 0.064343 0.035390
1 0.727212 0.490472 0.084450 0.024501
1 0.587802 0.487750 0.097855 0.026316
1 0.202413 0.484574 0.091153 0.029038
1 0.380027 0.483666 0.079088 0.030853
1 0.071716 0.479129 0.071046 0.038113
1 0.574397 0.440563 0.052279 0.035390
1 0.752011 0.435572 0.064343 0.029038
1 0.382708 0.431034 0.063003 0.030853
1 0.193700 0.428766 0.065684 0.029946
1 0.068365 0.422414 0.058981 0.026316
1 0.393432 0.377495 0.049598 0.030853
1 0.602547 0.376588 0.049598 0.030853
1 0.215818 0.373866 0.069705 0.025408
1 0.760724 0.368875 0.044236 0.028131
1 0.069035 0.368875 0.054960 0.035390
1 0.782172 0.323956 0.052279 0.029038
1 0.621314 0.323956 0.063003 0.030853
1 0.416220 0.318512 0.060322 0.029038
1 0.254692 0.310345 0.136729 0.027223
1 0.077078 0.308530 0.073727 0.039927
1 0.444370 0.254991 0.092493 0.038113
1 0.804290 0.250454 0.077748 0.030853
1 0.632708 0.254991 0.058981 0.045372
1 0.229893 0.251361 0.079088 0.045372
1 0.074397 0.242287 0.065684 0.045372
1 0.821716 0.196915 0.064343 0.034483
1 0.646783 0.196461 0.071046 0.039020
1 0.429625 0.193739 0.057641 0.037205
1 0.226542 0.185572 0.077748 0.037205
1 0.080429 0.181942 0.077748 0.035390
1 0.660858 0.132033 0.077748 0.035390
1 0.837802 0.132486 0.075067 0.045372
1 0.449062 0.129310 0.080429 0.040835
1 0.232574 0.122051 0.084450 0.040835
1 0.085791 0.114791 0.085791 0.042650
1 0.271448 0.050363 0.162198 0.037205
1 0.857239 0.057623 0.108579 0.051724
1 0.485925 0.053539 0.124665 0.045372
1 0.685657 0.050817 0.116622 0.043557
1 0.085791 0.047641 0.107239 0.040835
1 0.335121 0.654719 0.080429 0.028131
